===================================================
Initializing ECU
===================================================
Entering diagnostic mode
  ECM ID: 01 01 83 01 01
===================================================
HDS Tables
 0x0	[1, 1, 131, 1, 1, 1, 0, 0, 0, 0]
 0x11	[0, 0, 23, 0, 169, 57, 167, 58, 144, 98, 255, 255, 131, 0, 0, 0, 128, 87, 30, 120]
 0x20	[255, 128, 0]
 0x61	[0, 0, 23, 0, 169, 57, 171, 57, 143, 97, 255, 255, 131, 0, 0, 0, 128, 87, 30, 120]
 0x70	[255, 128, 0]
 0xd0	[129, 0, 0, 0, 0, 0, 114, 0, 0, 0, 0, 0, 0, 0]
 0xd1	[3, 0, 0, 0, 0, 0]
===================================================
